last_100_rewards: -143.2592686618038
last_100_scores: 0.29003552569150925
latest_actor_loss: 0.01995396912097931
latest_critic_loss: 0.48437489867210387
